44 30 37
19 0 25
40 0 5
24 30 23
13 0 2
44 25 19
44 16 14
44 14 5
42 30 7
44 8 37
37 30 3
14 0 13
30 0 30
44 26 13
17 30 31
21 30 16
29 0 25
37 0 31
44 13 27
44 23 27
35 30 15
24 0 22
34 0 22
44 24 11
36 0 16
15 0 29
28 30 17
42 0 3
10 0 12
41 0 18
23 0 24
4 0 21
18 30 10
44 3 23
44 5 17
27 0 37
16 0 2
26 0 20
40 30 8
31 30 21
9 0 10
44 19 33
44 10 34
44 6 9
38 30 28
26 30 14
44 15 18
44 9 24
36 30 36
30 30 9
20 0 4
8 0 29
22 30 32
21 0 26
32 0 15
14 30 20
44 1 8
43 0 28
35 0 19
44 28 6
44 27 1
17 0 32
44 22 35
2 0 4
44 7 12
34 30 26
44 21 34
44 12 11
5 0 6
33 30 1
16 30 35
11 0 30
44 0 7
23 30 33
1 0 36
