92 19 50
34 0 9
1 0 29
2 0 47
84 19 45
65 0 19
92 13 14
88 19 13
22 0 48
31 0 10
75 0 6
56 0 25
81 0 1
74 19 43
12 0 7
92 14 31
92 8 33
83 0 17
74 0 6
92 2 8
73 0 38
8 0 32
79 0 21
75 19 43
72 0 23
32 0 10
5 0 47
92 12 14
92 16 45
77 19 28
20 0 7
69 0 41
88 0 21
50 0 3
49 0 30
86 19 27
61 0 24
85 0 15
51 0 34
91 0 11
68 0 39
35 0 2
57 0 44
77 0 23
19 0 50
52 0 44
71 0 34
81 19 20
46 0 37
73 19 18
89 0 30
87 0 16
7 0 22
30 0 9
72 19 20
64 0 19
86 0 15
91 19 13
92 6 49
92 9 12
83 19 40
92 4 49
63 0 41
6 0 22
80 0 16
43 0 46
45 0 11
48 0 37
78 0 3
92 15 31
17 0 36
67 0 39
27 0 2
92 10 12
29 0 26
11 0 32
23 0 5
25 0 35
55 0 25
10 0 42
40 0 46
9 0 42
58 0 24
44 0 33
82 19 40
18 0 50
76 0 38
21 0 29
92 0 8
28 0 26
92 17 27
24 0 35
36 0 48
26 0 5
82 0 1
84 0 17
70 0 4
76 19 18
14 0 36
62 0 4
78 19 28
