39 53 50
14 0 12
36 0 35
39 8 7
4 0 42
0 46 12
22 53 9
39 38 16
37 0 22
24 53 21
21 53 14
9 0 29
10 53 39
39 53 44
36 53 9
1 0 5
38 0 2
25 53 17
34 0 4
32 53 8
3 53 18
34 53 37
32 0 41
39 11 23
39 7 7
6 53 45
39 37 37
39 49 24
39 6 50
12 0 48
39 13 28
39 0 32
0 43 31
16 0 30
39 3 23
39 26 3
26 0 28
20 0 15
16 53 34
33 0 15
25 0 22
0 39 17
15 53 27
7 0 13
39 43 40
13 0 26
39 33 4
8 53 47
39 2 20
39 50 8
39 22 10
39 10 33
39 28 21
39 45 43
17 53 30
39 16 3
6 0 25
39 40 10
0 45 14
11 0 26
0 49 27
39 1 2
39 39 34
31 53 20
14 53 19
3 0 40
39 14 48
39 48 38
11 53 41
29 53 31
39 29 38
33 53 32
18 53 46
39 12 24
0 47 46
23 53 16
39 25 1
0 52 36
38 53 11
0 42 49
39 47 13
20 53 47
37 53 49
7 53 50
39 19 5
39 15 1
27 0 43
39 4 45
5 53 33
1 53 6
0 44 29
39 41 6
17 0 42
5 0 39
10 0 25
39 42 44
39 32 11
35 0 19
39 30 36
2 0 35
24 0 18
