94 31 29
13 0 11
56 0 22
94 9 24
84 31 11
94 29 5
16 0 12
6 0 23
58 0 28
82 31 2
17 0 14
83 0 4
11 0 20
86 0 28
94 14 6
29 0 20
94 19 19
76 31 4
10 0 3
36 0 24
76 0 21
55 0 12
90 31 19
78 0 1
47 0 13
5 0 23
87 0 29
50 0 17
40 0 27
21 0 9
54 0 3
83 31 10
94 4 17
89 31 16
15 0 26
26 0 8
23 0 22
69 31 7
75 31 25
60 0 1
45 0 26
65 0 9
70 0 10
35 0 16
71 31 18
94 20 13
94 23 14
25 0 15
94 17 6
86 31 18
77 0 29
63 0 15
3 0 7
94 7 8
94 27 21
1 0 2
94 11 5
43 0 25
63 31 27
