5 79 50
0 62 40
5 52 15
0 56 22
5 42 33
0 27 36
0 75 27
5 54 23
0 57 32
5 14 49
5 25 24
5 77 7
5 27 41
0 19 19
0 30 14
5 78 7
0 34 42
1 0 20
5 40 25
5 3 12
0 45 47
0 15 30
0 64 6
0 35 42
5 2 31
0 63 40
5 51 35
0 77 5
0 72 26
0 74 29
5 68 11
0 55 39
0 69 46
0 40 13
5 0 20
0 52 39
0 59 1
0 76 5
5 33 9
0 79 27
5 36 43
0 73 22
5 17 28
5 16 38
0 7 21
5 34 9
5 70 18
5 55 31
4 79 50
5 72 17
5 53 15
0 51 29
5 29 35
5 59 10
0 13 19
5 6 38
0 36 34
0 44 47
5 38 8
5 75 4
5 66 11
5 32 8
5 74 4
1 79 36
5 58 16
0 17 30
5 71 17
0 8 21
5 26 41
5 56 16
0 60 46
5 62 50
0 10 37
5 37 43
0 22 48
0 6 2
5 23 23
5 12 49
0 47 14
0 68 6
0 58 1
0 12 48
0 70 32
5 22 44
5 15 3
5 20 28
5 64 18
0 23 2
5 7 3
0 39 13
5 49 25
0 32 34
0 26 45
0 71 26
5 43 33
0 9 37
5 4 12
5 60 10
2 79 45
5 24 24
5 21 44
