90 6 38
82 0 8
86 6 25
64 0 34
71 0 25
87 6 35
26 0 24
86 0 29
36 0 13
29 0 17
67 0 5
90 1 16
77 0 15
23 0 27
27 0 1
72 0 35
69 0 32
24 0 33
25 0 9
46 0 3
38 0 13
30 0 17
50 0 18
4 0 12
48 0 18
12 0 9
70 0 28
47 0 3
89 6 11
63 0 28
90 2 16
59 0 20
78 0 38
44 0 6
1 0 21
20 0 36
76 0 15
43 0 6
66 0 5
90 0 26
3 0 37
11 0 24
40 0 14
51 0 20
68 0 32
75 0 11
56 0 23
17 0 2
85 0 7
41 0 31
53 0 23
84 0 38
85 6 30
22 0 27
7 0 10
90 4 19
90 5 19
15 0 4
88 0 29
61 0 30
8 0 12
2 0 37
10 0 1
9 0 21
5 0 10
89 0 26
79 0 8
16 0 4
21 0 2
13 0 33
88 6 22
45 0 31
65 0 34
39 0 14
73 0 22
90 6 7
19 0 36
