44 100 37
44 7 12
12 100 21
44 15 10
20 100 21
44 36 29
44 45 22
0 66 13
44 97 34
44 74 14
23 100 8
44 64 36
44 40 6
44 62 36
44 79 12
0 72 31
35 100 5
44 48 27
0 58 17
44 87 33
44 22 16
4 100 7
0 55 7
34 0 30
36 100 15
0 98 19
44 76 26
0 81 24
35 0 11
8 100 2
41 100 35
0 61 32
31 0 23
22 0 25
0 50 2
0 67 31
0 59 18
44 58 22
0 79 24
43 0 4
44 0 4
44 13 16
17 0 37
12 0 37
5 0 1
22 100 20
44 24 28
30 0 23
28 100 5
0 92 19
34 100 9
44 100 34
44 31 14
30 100 9
0 45 15
0 83 3
0 47 8
24 0 25
0 87 32
44 8 26
21 100 20
44 83 33
44 73 29
44 9 28
28 0 30
44 50 27
44 71 6
0 86 3
0 90 18
8 0 1
40 0 11
44 81 35
2 100 17
0 73 13
44 14 10
