46 71 43
0 55 43
0 48 31
46 13 2
19 71 12
11 0 7
14 71 39
42 0 35
40 0 21
46 21 20
29 71 16
46 3 32
30 71 19
0 53 42
19 0 14
43 0 40
0 51 9
4 71 34
0 54 21
0 60 27
46 60 15
5 0 38
0 65 8
25 71 11
46 35 3
8 0 2
10 0 37
32 0 36
0 56 6
46 44 33
46 38 8
46 71 5
15 0 23
46 2 40
15 71 31
42 71 29
45 0 20
38 0 41
0 71 6
41 71 42
25 0 16
46 32 26
20 71 28
46 63 18
46 24 1
17 71 34
24 0 22
22 71 17
0 57 39
14 0 35
46 17 7
2 0 17
46 40 10
17 0 3
46 18 4
35 0 13
46 25 24
46 23 25
27 71 13
46 30 33
41 0 29
46 45 22
0 61 9
16 0 30
28 0 28
12 71 41
0 70 38
28 71 14
0 68 1
0 69 37
46 39 5
36 71 15
46 66 18
0 64 4
26 71 36
13 71 32
5 71 30
39 71 26
46 4 25
8 71 12
46 29 27
46 70 11
46 36 10
0 47 19
46 59 43
46 19 24
46 33 23
