66 40 38
48 0 2
59 0 17
66 8 16
30 40 12
34 0 3
46 40 18
55 0 8
6 0 6
41 40 14
66 20 37
66 28 28
66 39 31
66 33 21
31 0 29
60 40 5
66 11 11
45 0 27
26 0 10
53 40 21
66 29 28
27 0 2
66 21 8
7 0 6
16 0 23
52 0 4
50 0 22
2 0 1
30 0 32
66 25 9
59 40 5
14 0 1
38 40 14
66 32 7
31 40 30
26 40 33
66 13 16
48 40 36
22 0 20
27 40 20
54 0 25
66 7 38
51 0 18
66 23 26
15 0 33
52 40 36
53 0 25
43 40 12
28 0 3
37 40 30
66 15 13
65 0 38
66 27 9
33 40 15
29 40 10
66 31 7
38 0 34
66 14 19
66 22 4
63 0 19
66 12 11
19 0 23
36 40 15
32 0 29
29 0 32
44 0 27
56 0 17
49 0 22
40 0 24
66 40 31
47 40 26
25 0 35
43 0 24
39 0 34
60 0 37
66 19 13
24 0 35
