92 19 37
12 0 8
7 0 19
13 0 18
50 0 12
92 10 23
38 0 15
49 0 28
11 0 22
89 19 2
52 0 35
84 0 33
20 0 6
92 5 9
92 12 23
41 0 29
9 0 22
71 0 34
89 0 21
24 0 25
92 0 33
87 0 27
69 0 34
65 0 1
75 0 24
27 0 14
35 0 3
92 13 13
90 0 21
83 0 4
68 0 26
34 0 29
66 0 24
6 0 19
16 0 6
17 0 17
14 0 20
82 0 32
78 19 10
79 19 5
42 0 31
92 9 13
29 0 31
18 0 17
92 4 30
22 0 20
88 0 27
46 0 28
26 0 36
37 0 3
92 16 11
56 0 12
28 0 14
62 0 1
4 0 8
73 19 37
23 0 18
78 0 4
72 0 26
25 0 36
2 0 25
58 0 16
80 19 5
92 2 16
92 8 2
92 15 11
30 0 7
85 19 9
39 0 15
31 0 7
92 3 37
54 0 35
81 0 32
83 19 10
76 19 30
